

Tableau represented as read.
The first row contains the objective function negate and reduced costs.
The first column contains the known terms.
x1..n are the decision variables.

SIZE: 28 x 52

          d                    x1         x2         x3         x4         x5         x6         x7         x8         x9         x10        x11        x12        x13        x14        x15        x16        x17        x18        x19        x20        x21        x22        x23        x24        x25        x26        x27        x28        x29        x30        x31        x32        x33        x34        x35        x36        x37        x38        x39        x40        x41        x42        x43        x44        x45        x46        x47        x48        x49        x50        x51    
c         0                    0          -0.40      0          0          0          0          0          0          0          0          0          0          -0.32      0          0          0          -0.60      0          0          0          0          0          0          0          0          0          0          0          -0.48      0          0          10.00      0          0          0          0          0          0          0          0          0          0          0          0          0          0          0          0          0          0          0      
?         0                    -1.00      1.00       1.00       0          0          0          0          0          0          0          0          0          0          0          0          0          0          0          0          0          0          0          0          0          0          0          0          0          0          0          0          0          0          0          0          0          0          0          0          0          0          0          0          0          0          0          0          0          0          0          0      
?         0                    -1.10      0          0          1.00       0          0          0          0          0          0          0          0          0          0          0          0          0          0          0          0          0          0          0          0          0          0          0          0          0          0          0          0          0          0          0          0          0          0          0          0          0          0          0          0          0          0          0          0          0          0          0      
x33       80.00                1.00       0          0          0          0          0          0          0          0          0          0          0          0          0          0          0          0          0          0          0          0          0          0          0          0          0          0          0          0          0          0          0          1.00       0          0          0          0          0          0          0          0          0          0          0          0          0          0          0          0          0          0      
x34       0                    0          -1.00      0          0          0          0          0          0          0          0          0          0          1.40       0          0          0          0          0          0          0          0          0          0          0          0          0          0          0          0          0          0          0          0          1.00       0          0          0          0          0          0          0          0          0          0          0          0          0          0          0          0          0      
?         0                    0          0          0          0          -1.00      -1.00      -1.00      -1.00      0          0          0          0          1.00       1.00       0          0          0          0          0          0          0          0          0          0          0          0          0          0          0          0          0          0          0          0          0          0          0          0          0          0          0          0          0          0          0          0          0          0          0          0          0      
?         0                    0          0          0          0          -1.10      -1.10      -1.00      -0.90      0          0          0          0          0          0          1.00       0          0          0          0          0          0          0          0          0          0          0          0          0          0          0          0          0          0          0          0          0          0          0          0          0          0          0          0          0          0          0          0          0          0          0          0      
x35       80.00                0          0          0          0          1.00       0          0          0          -1.00      0          0          0          0          0          0          0          0          0          0          0          0          0          0          0          0          0          0          0          0          0          0          0          0          0          1.00       0          0          0          0          0          0          0          0          0          0          0          0          0          0          0          0      
x36       0                    0          0          0          0          0          1.00       0          0          0          -1.00      0          0          0          0          0          0          0          0          0          0          0          0          0          0          0          0          0          0          0          0          0          0          0          0          0          1.00       0          0          0          0          0          0          0          0          0          0          0          0          0          0          0      
x37       0                    0          0          0          0          0          0          1.00       0          0          0          -1.00      0          0          0          0          0          0          0          0          0          0          0          0          0          0          0          0          0          0          0          0          0          0          0          0          0          1.00       0          0          0          0          0          0          0          0          0          0          0          0          0          0      
x38       0                    0          0          0          0          0          0          0          1.00       0          0          0          -1.00      0          0          0          0          0          0          0          0          0          0          0          0          0          0          0          0          0          0          0          0          0          0          0          0          0          1.00       0          0          0          0          0          0          0          0          0          0          0          0          0      
?         0                    0          0          0          0          0          0          0          0          0          0          0          0          0          0          0          -1.00      1.00       1.00       1.00       0          0          0          0          0          0          0          0          0          0          0          0          0          0          0          0          0          0          0          0          0          0          0          0          0          0          0          0          0          0          0          0      
?         0                    0          0          0          0          0          0          0          0          0          0          0          0          0          0          0          -0.40      0          0          0          1.00       0          0          0          0          0          0          0          0          0          0          0          0          0          0          0          0          0          0          0          0          0          0          0          0          0          0          0          0          0          0          0      
x39       500.00               0          0          0          0          0          0          0          0          0          0          0          0          0          0          0          1.00       0          0          0          0          0          0          0          0          0          0          0          0          0          0          0          0          0          0          0          0          0          0          1.00       0          0          0          0          0          0          0          0          0          0          0          0      
x40       0                    0          0          0          0          0          0          0          0          0          0          0          0          0          0          0          0          -1.00      0          0          0          0          0          0          0          0          0          0          0          1.40       0          0          0          0          0          0          0          0          0          0          1.00       0          0          0          0          0          0          0          0          0          0          0      
?         0                    0          0          0          0          0          0          0          0          0          0          0          0          0          0          0          0          0          0          0          0          -0.40      -0.40      -0.40      -0.40      0          0          0          0          0          0          1.00       0          0          0          0          0          0          0          0          0          0          0          0          0          0          0          0          0          0          0          0      
?         44.00                0          0          0          0          0          0          0          0          0          0          0          0          0          0          0          0          0          0          0          0          1.00       1.00       1.00       1.00       0          0          0          0          -1.00      1.00       0          1.00       0          0          0          0          0          0          0          0          0          0          0          0          0          0          0          0          0          0          0      
x41       500.00               0          0          0          0          0          0          0          0          0          0          0          0          0          0          0          0          0          0          0          0          1.00       0          0          0          -1.00      0          0          0          0          0          0          0          0          0          0          0          0          0          0          0          1.00       0          0          0          0          0          0          0          0          0          0      
x42       0                    0          0          0          0          0          0          0          0          0          0          0          0          0          0          0          0          0          0          0          0          0          1.00       0          0          0          -1.00      0          0          0          0          0          0          0          0          0          0          0          0          0          0          0          1.00       0          0          0          0          0          0          0          0          0      
x43       0                    0          0          0          0          0          0          0          0          0          0          0          0          0          0          0          0          0          0          0          0          0          0          1.00       0          0          0          -1.00      0          0          0          0          0          0          0          0          0          0          0          0          0          0          0          1.00       0          0          0          0          0          0          0          0      
x44       0                    0          0          0          0          0          0          0          0          0          0          0          0          0          0          0          0          0          0          0          0          0          0          0          1.00       0          0          0          -1.00      0          0          0          0          0          0          0          0          0          0          0          0          0          0          0          1.00       0          0          0          0          0          0          0      
x45       0                    0          0          0          0          0          0          0          0          2.40       2.40       2.40       2.40       0          0          0          0          0          0          -1.00      0          0          0          0          0          2.20       2.20       2.20       2.30       0          0          0          0          0          0          0          0          0          0          0          0          0          0          0          0          1.00       0          0          0          0          0          0      
x46       0                    0          0          -1.00      0          0          0          0          0          0          0          0          0          0          0          0          0.10       0          0          0          0          0          0          0          0          0          0          0          0          0          0          0          0          0          0          0          0          0          0          0          0          0          0          0          0          0          1.00       0          0          0          0          0      
x47       0                    0          0          0          0          0          0          0          0          0          0          0          0          0          -1.00      0          0          0          0          0          0          0.10       0.10       0.10       0.10       0          0          0          0          0          0          0          0          0          0          0          0          0          0          0          0          0          0          0          0          0          0          1.00       0          0          0          0      
x48       0                    0.30       0          0          0          0          0          0          0          0          0          0          0          0          0          0          0          0          -1.00      0          0          0          0          0          0          0          0          0          0          0          0          0          0          0          0          0          0          0          0          0          0          0          0          0          0          0          0          0          1.00       0          0          0      
x49       0                    0          0          0          0          0.30       0.30       0.30       0.30       0          0          0          0          0          0          0          0          0          0          0          0          0          0          0          0          0          0          0          0          0          -1.00      0          0          0          0          0          0          0          0          0          0          0          0          0          0          0          0          0          0          1.00       0          0      
x50       310.00               0          0          0          1.00       0          0          0          0          0          0          0          0          0          0          0          0          0          0          0          1.00       0          0          0          0          0          0          0          0          0          0          0          0          0          0          0          0          0          0          0          0          0          0          0          0          0          0          0          0          0          1.00       0      
x51       300.00               0          0          0          0          0          0          0          0          0          0          0          0          0          0          1.00       0          0          0          0          0          0          0          0          0          0          0          0          0          0          0          1.00       0          0          0          0          0          0          0          0          0          0          0          0          0          0          0          0          0          0          0          1.00   
