FEASIBLE TABLEAU

SOLUTION: feasible optimal solution reached.

SIZE: 29 x 53

          d                    x1         x2         x3         x4         x5         x6         x7         x8         x9         x10        x11        x12        x13        x14        x15        x16        x17        x18        x19        x20        x21        x22        x23        x24        x25        x26        x27        x28        x29        x30        x31        x32        x33        x34        x35        x36        x37        x38        x39        x40        x41        x42        x43        x44        x45        x46        x47        x48        x49        x50        x51        x52    
c         467.66               0          0          0          0          0          0          2.26       0.00       2.26       2.26       0          2.26       0          0          0          0          0          0          0          0          0          0          0          0          2.07       2.07       2.07       2.17       0          0          0          10.00      0.35       0.23       0          0          2.26       0          0.88       0.34       0          0          0          0          0.94       0.63       0.00       0.94       0.00       0          0          0      
x1        80.00                1.00       0          0          0          0          0          0          0          0          0          0          0          0          0          0          0          0          0          0          0          0          0          0          0          0          0          0          0          0          0          0          0          1.00       0          0          0          0          0          0          0          0          0          0          0          0          0          0          0          0          0          0          0      
x2        30.00                0          1.00       0          0          0          0          0          0          0          0          0          0          0          0          0          0          0          0          0          0          0          0          0          0          0          0          0          0          0          0          0          0          1.00       0          0          0          0          0          -0.10      0          0          0          0          0          0          1.00       0          0          0          0          0          0      
x50       22.00                0          0          0          0          0          0          0          0          0          0          0          0          0          0          0          0          0          0          0          0          0          0          0          0          0          0          0          0          0          0          0          0          -1.10      0          0          0          0          0          -0.40      0          0          0          0          0          0          0          0          0          0          1.00       0          0      
x30       17.43                0          0          0          0          0          0          -0.07      0.12       -0.07      -0.07      0          -0.07      0          0          0          0          0          0          0          0          0          0          0          0          -0.07      -0.07      -0.07      0.05       0          1.00       0          0.03       0.20       0.21       0          0          -0.07      0          0.00       0.02       0          0          0          0          0.02       0.21       -0.29      0.02       -0.97      0          0          0      
x5        58.09                0          0          0          0          1.00       1.00       1.17       1.00       0.17       0.17       0          0.17       0          0          0          0          0          0          0          0          0          0          0          0          0.17       0.17       0.17       0.15       0          0          0          0.10       0.67       0.69       0          0          0.17       0          -0.00      0.07       0          0          0          0          0.07       0.69       -0.97      0.07       0.10       0          0          0      
x15       63.89                0          0          0          0          0          0          0.28       0.20       0.18       0.18       0          0.18       0          0          1.00       0          0          0          0          0          0          0          0          0          0.18       0.18       0.18       0.17       0          0          0          0.11       0.74       0.76       0          0          0.18       0          -0.00      0.08       0          0          0          0          0.08       0.76       -1.07      0.08       0.11       0          0          0      
x35       21.91                0          0          0          0          0          -1.00      -1.17      -1.00      -1.17      -0.17      0          -0.17      0          0          0          0          0          0          0          0          0          0          0          0          -0.17      -0.17      -0.17      -0.15      0          0          0          -0.10      -0.67      -0.69      1.00       0          -0.17      0          0.00       -0.07      0          0          0          0          -0.07      -0.69      0.97       -0.07      -0.10      0          0          0      
x36       0                    0          0          0          0          0          1.00       0          0          0          -1.00      0          0          0          0          0          0          0          0          0          0          0          0          0          0          0          0          0          0          0          0          0          0          0          0          0          1.00       0          0          0          0          0          0          0          0          0          0          0          0          0          0          0          0      
x21       366.57               0          0          0          0          0          0          1.70       0          1.70       1.70       0          1.70       0          0          0          0          0          0          0          0          1.00       1.00       1.00       1.00       1.57       1.57       1.57       1.58       0          0          0          0.97       -0.42      -0.21      0          0          1.70       0          0.71       0.69       0          0          0          0          0.67       -0.21      0.29       0.69       0.97       0          0          0      
x11       0.00                 0          0          0          0          0          0          -1.00      -0.00      0.00       0.00       1.00       0.00       0          0          0          0          0          0          0          0          0          0          0          0          0.00       0.00       0.00       0.00       0          0          0          -0.00      0.00       0.00       0          0          -1.00      0          0.00       0.00       0          0          0          0          0.00       0.00       -0.00      -0.00      -0.00      0          0          0      
x16       500.00               0          0          0          0          0          0          0          0          0          0          0          0          0          0          0          1.00       0          0          0          0          0          0          0          0          0          0          0          0          0          0          0          0          0          0          0          0          0          0          1.00       0          0          0          0          0          0          0          0          0          0          0          0          0      
x17       476.00               0          0          0          0          0          0          2.40       0.00       2.40       2.40       0          2.40       0          0          0          0          1.00       0          0          0          0          0          0          0          2.20       2.20       2.20       2.30       0          0          0          0.00       -0.30      -0.00      0          0          2.40       0          1.00       -0.00      0          0          0          0          1.00       -0.00      0.00       1.00       0.00       0          0          0      
x31       146.63               0          0          0          0          0          0          0.67       0          0.67       0.67       0          0.67       0          0          0          0          0          0          0          0          0          0          0          0          0.67       0.67       0.67       0.61       0          0          1.00       0.39       -0.17      -0.08      0          0          0.67       0          0.29       0.28       0          0          0          0          0.27       -0.08      0.12       0.28       0.39       0          0          0      
x4        88.00                0          0          0          1.00       0          0          0          0          0          0          0          0          0          0          0          0          0          0          0          0          0          0          0          0          0          0          0          0          0          0          0          0          1.10       0          0          0          0          0          0          0          0          0          0          0          0          0          0          0          0          0          0          0      
x52       -547.48 + 1.00M      0          0          0          0          0          0          1.72       0.06       1.72       1.72       0          1.66       0          0          0          0          0          0          0          0          0          0          0          0          1.66       1.66       1.66       1.60       0          0          0          0.58       -2.15      -0.84      0          0          1.72       0          -0.71      -0.30      0          0          0          0          0.71       0.16       0.17       0.70       0.58       0          0          1.00   
x29       340.00               0          0          0          0          0          0          1.71       0.00       1.71       1.71       0          1.71       0          0          0          0          0          0          0          0          0          0          0          0          1.57       1.57       1.57       1.64       1.00       0          0          0.00       -0.21      -0.00      0          0          1.71       0          0.71       0.71       0          0          0          0          0.71       -0.00      0.00       0.71       0.00       0          0          0      
x41       133.43               0          0          0          0          0          0          -1.70      0          -1.70      -1.70      0          -1.70      0          0          0          0          0          0          0          0          0          -1.00      -1.00      -1.00      -2.57      -1.57      -1.57      -1.58      0          0          0          -0.97      0.42       0.21       0          0          -1.70      0          -0.71      -0.69      1.00       0          0          0          -0.67      0.21       -0.29      -0.69      -0.97      0          0          0      
x42       0                    0          0          0          0          0          0          0          0          0          0          0          0          0          0          0          0          0          0          0          0          0          1.00       0          0          0          -1.00      0          0          0          0          0          0          0          0          0          0          0          0          0          0          0          1.00       0          0          0          0          0          0          0          0          0          0      
x43       0                    0          0          0          0          0          0          0          0          0          0          0          0          0          0          0          0          0          0          0          0          0          0          1.00       0          0          0          -1.00      0          0          0          0          0          0          0          0          0          0          0          0          0          0          0          1.00       0          0          0          0          0          0          0          0          0      
x44       0                    0          0          0          0          0          0          0          0          0          0          0          0          0          0          0          0          0          0          0          0          0          0          0          1.00       0          0          0          -1.00      0          0          0          0          0          0          0          0          0          0          0          0          0          0          0          1.00       0          0          0          0          0          0          0          0      
x38       0.00                 0          0          0          0          0          0          -0.00      1.00       -0.00      -0.00      0          -1.00      0          0          0          0          0          0          0          0          0          0          0          0          -0.00      -0.00      -0.00      -0.00      0          0          0          -0.00      0.00       -0.00      0          0          -0.00      1.00       0.00       -0.00      0          0          0          0          -0.00      -0.00      -0.00      -0.00      -0.00      0          0          0      
x3        50.00                0          0          1.00       0          0          0          0          0          0          0          0          0          0          0          0          0          0          0          0          0          0          0          0          0          0          0          0          0          0          0          0          0          0          0          0          0          0          0          0.10       0          0          0          0          0          0          -1.00      0          0          0          0          0          0      
x14       36.66                0          0          0          0          0          0          0.17       0          0.17       0.17       0          0.17       0          1.00       0          0          0          0          0          0          0          0          0          0          0.17       0.17       0.17       0.15       0          0          0          0.10       -0.04      -0.02      0          0          0.17       0          0.07       0.07       0          0          0          0          0.07       -0.02      -0.97      0.07       0.10       0          0          0      
x18       24.00                0          0          0          0          0          0          0          0          0          0          0          0          0          0          0          0          0          1.00       0          0          0          0          0          0          0          0          0          0          0          0          0          0          0.30       0          0          0          0          0          0.00       0          0          0          0          0          0          0          0          -1.00      0          0          0          0      
x19       0.00                 0          0          0          0          0          0          -2.40      -0.00      -2.40      -2.40      0          -2.40      0          0          0          0          0          0          1.00       0          0          0          0          0          -2.20      -2.20      -2.20      -2.30      0          0          0          -0.00      0.00       0.00       0          0          -2.40      0          0.00       0.00       0          0          0          0          -1.00      0.00       -0.00      -0.00      -0.00      0          0          0      
x13       21.43                0          0          0          0          0          0          0.00       -0.00      0.00       0.00       0          0.00       1.00       0          0          0          0          0          0          0          0          0          0          0          0.00       0.00       0.00       0.00       0          0          0          -0.00      0.71       0.71       0          0          0.00       0          -0.07      0.00       0          0          0          0          0.00       0.71       -0.00      0.00       -0.00      0          0          0      
x51       89.48                0          0          0          0          0          0          -0.98      -0.12      -0.91      -0.91      0          -0.91      0          0          0          0          0          0          0          0          0          0          0          0          -0.85      -0.85      -0.85      -0.77      0          0          0          -0.50      -0.57      -0.68      0          0          -0.91      0          -0.29      -0.35      0          0          0          0          -0.35      -0.68      0.95       -0.35      -0.50      0          1.00       0      
x20       200.00               0          0          0          0          0          0          0          0          0          0          0          0          0          0          0          0          0          0          0          1.00       0          0          0          0          0          0          0          0          0          0          0          0          0          0          0          0          0          0          0.40       0          0          0          0          0          0          0          0          0          0          0          0          0      
